       1     142     282     424     565     708     852     996    1141    1288
    1434    1580    1725    1872    2020    2168    2315    2464    2612    2760
    2907    3054    3200    3346    3491    3636    3780    3924    4067    4210
    4352    4494    4657    4820    4982    5144    5305    5466    5626    5786
    5949    6116    6282    6454    6625    6800    6978    7156    7337    7522
    7706    7894    8081    8270    8460    8650    8843    9038    9232    9430
    9627    9826   10028   10229   10430   10630   10830   11029   11228   11426
   11624   11821   12018   12214   12410   12605   12800   12994   13188   13381
   13574   13766   13958   14149   14340   14530   14720   14909   15098   15286
   15474   15661   15846   16064   16284   16505   16728   16950   17171   17396
   17620   17846   18073   18302   18532   18761   18989   19218   19446   19674
   19901   20128   20354   20580   20805   21030   21254   21478   21701   21916
   22130   22344   22557   22770   22982   23194   23405   23616   23826   24036
   24245   24454   24663   24872   25081   25288   25495   25702   25908   26114
   26255   26395   26537   26678   26821   26965   27109   27254   27401   27547
   27693   27838   27985   28133   28281   28428   28577   28725   28873   29020
   29167   29313   29459   29604   29749   29893   30037   30180   30323   30465
   30607   30770   30933   31095   31257   31418   31579   31739   31899   32062
   32229   32395   32567   32738   32913   33091   33269   33450   33635   33819
   34007   34194   34383   34573   34763   34956   35151   35345   35543   35740
   35939   36141   36342   36543   36743   36943   37142   37341   37539   37737
   37934   38131   38327   38523   38718   38913   39107   39301   39494   39687
   39879   40071   40262   40453   40643   40833   41022   41211   41399   41587
   41774   41960   42178   42397   42612   42833   43054   43276   43500   43724
   43949   44175   44403   44632   44861   45090   45318   45546   45773   46000
   46226   46452   46677   46902   47126   47350   47573   47796   48011   48225
   48439   48652   48865   49077   49289   49500   49711   49921   50131   50340
   50549   50758   50966   51174   51382   51590   51797   52003   52209   52350
   52490   52632   52773   52916   53060   53204   53349   53496   53642   53788
   53933   54080   54228   54376   54523   54672   54820   54968   55115   55262
   55408   55554   55699   55844   55988   56132   56275   56418   56560   56702
   56865   57028   57190   57352   57513   57674   57834   57994   58157   58324
   58490   58662   58833   59008   59186   59364   59545   59730   59914   60102
   60289   60478   60668   60858   61051   61246   61440   61638   61835   62034
   62236   62437   62638   62838   63038   63237   63436   63634   63832   64029
   64226   64422   64618   64813   65008   65202   65396   65589   65782   65974
   66166   66357   66548   66738   66928   67117   67306   67494   67682   67869
   68054   68271   68489   68708   68928   69148   69369   69592   69815   70039
   70264   70491   70719   70947   71175   71403   71631   71858   72085   72311
   72537   72762   72987   73211   73435   73658   73881   74096   74310   74524
   74737   74950   75162   75374   75585   75796   76006   76216   76425   76634
   76843   77051   77259   77466   77673   77880   78087   78294   78435   78575
   78717   78858   79001   79145   79289   79434   79581   79727   79873   80018
   80165   80313   80461   80608   80757   80905   81053   81200   81347   81493
   81639   81784   81929   82073   82217   82360   82503   82645   82787   82950
   83113   83275   83437   83598   83759   83919   84079   84242   84409   84575
   84747   84918   85093   85271   85449   85630   85815   85999   86187   86374
   86563   86753   86943   87136   87331   87525   87723   87920   88119   88321
   88522   88723   88923   89123   89322   89521   89719   89917   90114   90311
   90507   90703   90898   91093   91287   91481   91674   91867   92059   92251
   92442   92633   92823   93013   93202   93391   93579   93767   93954   94140
   94357   94575   94795   95016   95237   95458   95681   95905   96129   96355
   96582   96810   97038   97266   97495   97723   97951   98178   98405   98631
   98857   99082   99307   99531   99755   99978  100193  100407  100621  100834
  101047  101259  101471  101682  101893  102103  102313  102522  102731  102940
  103148  103356  103563  103770  103977  104183  104389  104530  104670  104812
  104953  105096  105240  105384  105529  105676  105822  105968  106113  106260
  106408  106556  106703  106852  107000  107148  107295  107442  107588  107734
  107879  108024  108168  108312  108455  108598  108740  108882  109045  109208
  109370  109532  109693  109854  110014  110174  110337  110504  110670  110842
  111013  111188  111366  111544  111725  111910  112094  112282  112469  112658
  112848  113038  113231  113426  113620  113818  114015  114214  114416  114617
  114818  115018  115218  115417  115616  115814  116012  116209  116406  116602
  116798  116993  117188  117382  117576  117769  117962  118154  118346  118537
  118728  118918  119108  119297  119486  119674  119862  120049  120235  120452
  120670  120890  121111  121331  121552  121775  121998  122222  122448  122675
  122903  123131  123359  123587  123815  124042  124269  124495  124721  124946
  125171  125395  125619  125842  126065  126280  126494  126708  126921  127134
  127346  127558  127769  127980  128190  128400  128610  128819  129028  129236
  129444  129651  129858  130065  130271  130477  130479  130481  130483  130485
  130487  130489  130491  130493  130495  130497  130499  130501  130503  130505
  130507  130509  130511  130513  130515  130517  130519  130521  130523  130525
  130527  130529  130531  130533  130535  130537  130539  130541  130543  130545
  130547  130549  130551  130553  130555  130557  130559  130561  130563  130565
  130567  130569  130571  130573  130575  130577  130579  130581  130583  130585
  130587  130589  130591  130593  130595  130597  130599  130601  130603  130605
  130607  130609  130611  130613  130615  130617  130619  130621  130623  130625
  130627  130629  130631  130633  130635  130637  130639  130641  130643  130645
  130647  130649  130651  130653  130655  130657  130659  130661  130663  130665
  130667  130669  130671  130673  130974  131275  131576  131877  132178  132479
  132780  133081  133382  133683  133984  134285  134586  134887  135188  135489
  135790  136091  136392  136693  136994  137295  137596  137897  138198  138499
  138800  139101  139402  139703  140004  140305  140606  140764  140922  141080
  141238  141396  141554  141712  141870  141872  141874  141876  141878  141880
  141882  141884  141886  141888  141890  141892  141894  141896  141898  141900
  141902  141904  141906  141908  141910  141912  141914  141916  141918  141920
  141922  141924  141926  141928  141930  141932  141934  141936  141938  141940
  141942  141944  141946  141948  141950  141952  141954  141956  141958  141960
  141962  141964  141966  141968  141970  141972  141974  141976  141978  141980
  141982  141984  141986  141988  141990  141992  141994  141996  141998  142000
  142002  142004  142006  142008  142010  142012  142014  142016  142018  142020
  142022  142024  142026  142028  142030  142032  142034  142036  142038  142040
  142042  142044  142046  142048  142050  142052  142054  142056  142058  142060
  142062  142064  142066  142367  142668  142969  143270  143571  143872  144173
  144474  144775  145076  145377  145678  145979  146280  146581  146882  147183
  147484  147785  148086  148387  148688  148989  149290  149591  149892  150193
  150494  150795  151096  151397  151698  151999  152158  152316  152474  152632
  152790  152948  153106  153264  153266  153268  153270  153272  153274  153276
  153278  153280  153282  153284  153286  153288  153290  153292  153294  153296
  153298  153300  153302  153304  153306  153308  153310  153312  153314  153316
  153318  153320  153322  153324  153326  153328  153330  153332  153334  153336
  153338  153340  153342  153344  153346  153348  153350  153352  153354  153356
  153358  153360  153362  153364  153366  153368  153370  153372  153374  153376
  153378  153380  153382  153384  153386  153388  153390  153392  153394  153396
  153398  153400  153402  153404  153406  153408  153410  153412  153414  153416
  153418  153420  153422  153424  153426  153428  153430  153432  153434  153436
  153438  153440  153442  153444  153446  153448  153450  153452  153454  153456
  153458  153460  153761  154062  154363  154664  154965  155266  155567  155868
  156169  156470  156771  157072  157373  157674  157975  158276  158577  158878
  159179  159480  159781  160082  160383  160684  160985  161286  161587  161888
  162189  162490  162791  163092  163393  163552  163710  163868  164026  164184
  164342  164500  164658  164660  164662  164664  164666  164668  164670  164672
  164674  164676  164678  164680  164682  164684  164686  164688  164690  164692
  164694  164696  164698  164700  164702  164704  164706  164708  164710  164712
  164714  164716  164718  164720  164722  164724  164726  164728  164730  164732
  164734  164736  164738  164740  164742  164744  164746  164748  164750  164752
  164754  164756  164758  164760  164762  164764  164766  164768  164770  164772
  164774  164776  164778  164780  164782  164784  164786  164788  164790  164792
  164794  164796  164798  164800  164802  164804  164806  164808  164810  164812
  164814  164816  164818  164820  164822  164824  164826  164828  164830  164832
  164834  164836  164838  164840  164842  164844  164846  164848  164850  164852
  164854  165155  165456  165757  166058  166359  166660  166961  167262  167563
  167864  168165  168466  168767  169068  169369  169670  169971  170272  170573
  170874  171175  171476  171777  172078  172379  172680  172981  173282  173583
  173884  174185  174486  174646  174805  174963  175121  175279  175437  175595
  175753  175911  175913  175915  175917  175919  175921  175923  175925  175927
  175929  175931  175933  175935  175937  175939  175941  175943  175945  175947
  175949  175951  175953  175955  175957  175959  175961  175963  175965  175967
  175969  175971  175973  175975  175977  175979  175981  175983  175985  175987
  175989  175991  175993  175995  175997  175999  176001  176003  176005  176007
  176009  176011  176013  176015  176017  176019  176021  176023  176025  176027
  176029  176031  176033  176035  176037  176039  176041  176043  176045  176047
  176049  176051  176053  176055  176057  176059  176061  176063  176065  176067
  176069  176071  176073  176075  176077  176079  176081  176083  176085  176087
  176089  176091  176093  176095  176097  176099  176101  176103  176105  176107
  176408  176709  177010  177311  177612  177913  178214  178515  178816  179117
  179418  179719  180020  180321  180622  180923  181224  181525  181826  182127
  182428  182729  183030  183331  183632  183933  184234  184535  184836  185137
  185438  185739  185899  186058  186217  186375  186533  186691  186849  187007
  187165
       5     139  1.2590E+02  1.0000E+09 0.10

